4
0.570247933884297 0.570247933884297 0.570247933884298 0.568863271735458 0.570242122301678 0.633231 
5
0.599089839203944 0.599089839203944 0.599089839203944 0.592196803174842 0.598986656648268 0.556119 
6
0.571483608688909 0.571483608688909 0.57148360868891 0.555548225451738 0.570944725065463 0.555715 
7
0.569532289640065 0.569532289640065 0.569532289640066 0.53768180941143 0.567580943747025 0.559892 
8
0.592224382090862 0.592224382090862 0.592224382090862 0.534782986975359 0.586777248387699 0.552051 
9
0.574805008738943 0.574805008738943 0.574805008738944 0.491192457515533 0.56367148722768 0.537448 
4
0.617729800851039 0.617729800851039 0.617729800851039 0.616635305056548 0.617726105569268 0.761055 
5
0.614326196110029 0.614326196110029 0.614326196110029 0.60857079840211 0.61425008057513 0.499853 
6
0.585994371423519 0.585994371423519 0.585994371423519 0.573557797413474 0.585633424966037 0.602703 
7
0.596924405177584 0.596924405177584 0.596924405177584 0.572273915811627 0.595618779626861 0.390918 
8
0.639484179145557 0.639484179145557 0.639484179145556 0.593495260195802 0.635626175868363 0.580134 
9
0.6126723316505 0.6126723316505 0.6126723316505 0.548719703579589 0.605358285606683 0.657358 
